tensor([[[[  54.,  -58.,  -12.],
          [  44., -142.,   54.],
          [ -19.,   43.,   19.]]],


        [[[ -28.,   40.,  -25.],
          [  61.,  -61.,  -50.],
          [  39.,   44.,  -26.]]],


        [[[  56.,    7.,  -34.],
          [ -54.,  -33.,  -41.],
          [ -28.,   15.,   51.]]],


        [[[  32.,  -42.,   39.],
          [  13.,   47.,   26.],
          [ -60.,  -56.,  -38.]]],


        [[[  41.,   -6.,   26.],
          [ -19.,   55.,  -27.],
          [  40.,   -5.,  -40.]]],


        [[[  43.,  -42.,   21.],
          [ -19.,  -12.,  -66.],
          [ -31.,   37.,  -13.]]],


        [[[  46.,   34.,   -4.],
          [ -37.,   27.,    7.],
          [ -38.,   23.,   22.]]],


        [[[  66.,  -45.,  -13.],
          [  -4.,   18.,  -53.],
          [ -59.,   44.,  -24.]]],


        [[[  32.,    2.,   29.],
          [   9.,   28.,   35.],
          [ -72.,   28.,  -44.]]],


        [[[ -57.,   -8.,  -23.],
          [  39.,  -26.,  -52.],
          [  47.,    3.,   31.]]],


        [[[  12.,  -78.,   52.],
          [  20.,  -55.,  -27.],
          [  40.,   25.,  -55.]]],


        [[[ -45.,   65.,  -37.],
          [  48.,   51., -102.],
          [ -88.,  113.,  -10.]]],


        [[[  19.,    4.,    7.],
          [  19.,   23.,  -17.],
          [   3.,   19.,   19.]]],


        [[[  40.,  -47.,  -48.],
          [ -51.,   -6.,   64.],
          [ -47.,   44.,  -27.]]],


        [[[ -51.,  -12.,   19.],
          [  30.,  -26.,    5.],
          [  35.,   32.,   29.]]],


        [[[  44.,   44.,   12.],
          [ -37.,  -40.,  -39.],
          [  -7.,  -32.,    9.]]],


        [[[  12.,   -5.,   13.],
          [  12.,   22.,   23.],
          [ -13.,   31.,   -5.]]],


        [[[   1.,  -36.,  -21.],
          [ -22.,  -15.,   32.],
          [ -17.,  -26.,   19.]]],


        [[[  25.,   37.,  -35.],
          [  19.,  -17.,  -20.],
          [ -36.,  -24.,  -17.]]],


        [[[  11.,    6.,    7.],
          [  25.,   24.,   17.],
          [   0.,  -17.,   21.]]],


        [[[  -9.,   -3.,  -33.],
          [  -7.,  -25.,   41.],
          [ -33.,  -29.,    6.]]],


        [[[ -36.,   11.,  -21.],
          [ -34.,   -7.,   38.],
          [ -37.,   19.,   36.]]],


        [[[  73.,  -55.,    2.],
          [ -40.,   71.,  -35.],
          [  47.,   16.,   -5.]]],


        [[[   2.,    6.,   15.],
          [   6.,   10.,  -26.],
          [  23.,   29.,   27.]]],


        [[[  33.,  -46.,  -28.],
          [  47.,  -55.,   47.],
          [ -39.,  -46.,   19.]]],


        [[[ -45.,  -20.,   41.],
          [  43.,   53.,   -7.],
          [ -51.,   55.,  -16.]]],


        [[[ -47.,    8.,  -59.],
          [  60.,   64.,  -62.],
          [ -72.,   -8.,   25.]]],


        [[[  -1.,  -22.,   13.],
          [ -48.,  -44.,  -45.],
          [  47.,   45.,  -20.]]],


        [[[   3.,   27.,    5.],
          [ -39.,   24.,   30.],
          [ -11.,  -13.,   45.]]],


        [[[  67.,  -51.,   82.],
          [  16.,  -55.,   38.],
          [ -76.,   52.,  -66.]]],


        [[[  28.,   32.,    5.],
          [  50.,  -12.,  -30.],
          [ -49.,   -9.,  -32.]]],


        [[[   4.,   -5.,   28.],
          [  90.,   29.,  -33.],
          [ -48.,  -86.,   80.]]],


        [[[  -2.,   40.,   -7.],
          [ -69.,   27.,   57.],
          [   5.,  -66.,  -53.]]],


        [[[  -1.,  -27.,  -26.],
          [  -8.,  -14.,   11.],
          [ -13.,   -6.,  -17.]]],


        [[[ -67.,   72.,   35.],
          [  54.,  -18.,  -13.],
          [ -78.,  -45.,   28.]]],


        [[[-106.,  -23.,   67.],
          [  53.,   63.,  -18.],
          [  22.,  -20.,  -54.]]],


        [[[   3.,  -22.,  -46.],
          [   7.,  -41.,  -14.],
          [  31.,   41.,   61.]]],


        [[[ -27.,    2.,   -5.],
          [ -21.,  -22.,   14.],
          [   7.,  -21.,  -29.]]],


        [[[ -38.,   41.,   -6.],
          [ -10.,  -19.,  -27.],
          [ -39.,  -24.,   30.]]],


        [[[   8.,  -11.,  -14.],
          [  22.,   26.,   32.],
          [  12.,   16.,   -5.]]]]) conv1.weight torch.Size([40, 1, 3, 3])
tensor([-261., -270.,  248.,  -68., -508.,  368., -620.,  214., -408.,  137.,
         288., -257., -618.,  238., -604.,  178., -576.,  344.,  170., -730.,
         420.,  -49., -562., -563.,  185., -437.,  412.,  274., -466.,  -77.,
         -81., -525.,  215.,  453.,   69.,  -27., -471.,  634.,  444., -582.]) conv1.bias torch.Size([40])
tensor([0.9958, 1.0042, 1.0576, 1.0295, 0.9795, 1.0088, 0.9575, 1.0061, 0.9521,
        1.0102, 1.0401, 0.9684, 0.9560, 1.0240, 0.9769, 1.0163, 0.9529, 1.0390,
        1.0456, 0.9465, 1.0128, 1.0147, 0.9553, 0.9463, 1.0410, 0.9472, 1.0205,
        1.0363, 0.9540, 0.9832, 1.0242, 0.9586, 1.0453, 0.9986, 1.0242, 1.0011,
        1.0509, 1.0119, 1.0202, 0.9541]) bn1.weight torch.Size([40])
tensor([-0.0469, -0.0408, -0.0081, -0.0383, -0.0292, -0.0052, -0.0342, -0.0193,
        -0.0274, -0.0118, -0.0050, -0.0400, -0.0225, -0.0200, -0.0449, -0.0075,
        -0.0197, -0.0097, -0.0229, -0.0399, -0.0028, -0.0279, -0.0303, -0.0163,
        -0.0198, -0.0245, -0.0043, -0.0122, -0.0188, -0.0062, -0.0232, -0.0350,
        -0.0170, -0.0045, -0.0122, -0.0174, -0.0549,  0.0196,  0.0005, -0.0229]) bn1.bias torch.Size([40])
tensor([-0.1972, -0.3269,  0.1865, -0.0636,  0.1606, -0.0076, -0.2755, -0.1826,
         0.1070, -0.0823, -0.3358,  0.1161,  0.0900, -0.1307,  0.1635,  0.0534,
        -0.0680,  0.2548,  0.1424,  0.1175, -0.1106, -0.2935,  0.2773, -0.0258,
        -0.2396,  0.2331,  0.0967,  0.0554, -0.0398, -0.1023,  0.0511,  0.2705,
         0.0329, -0.2016,  0.3225,  0.0033,  0.2695,  0.0283,  0.2567,  0.2443]) bn1.running_mean torch.Size([40])
tensor([0.0663, 0.0486, 0.1576, 0.2999, 0.2738, 0.1713, 0.3758, 0.1446, 0.1582,
        0.2243, 0.0955, 0.0694, 1.2167, 0.1959, 0.4385, 0.2685, 0.6748, 0.6061,
        0.2993, 1.1836, 0.5489, 0.2947, 0.1389, 0.7625, 0.2939, 0.2253, 0.1193,
        0.2941, 0.2662, 0.1252, 0.2396, 0.0866, 0.1034, 0.3928, 0.1573, 0.0796,
        0.2221, 0.5503, 0.4516, 0.6528]) bn1.running_var torch.Size([40])
tensor(14070) bn1.num_batches_tracked torch.Size([])
tensor([[[[  -5.,   46.,   23.],
          [ -34.,   48.,  -87.],
          [   1.,   16.,   51.]],

         [[  31.,    2.,   73.],
          [  21.,  -43.,   30.],
          [ -21.,  -41.,   60.]],

         [[ -56.,  -41.,  -66.],
          [  18.,    6.,   28.],
          [  13.,   21.,  -34.]],

         ...,

         [[ -50.,   41.,   18.],
          [  28.,  -51.,    7.],
          [ -35.,  -67.,  -59.]],

         [[  34.,    5.,  -66.],
          [  30.,   68.,   37.],
          [  34.,  -17.,   31.]],

         [[  34.,   -2.,  -27.],
          [ -17.,   59.,   14.],
          [  54.,  -18.,  -20.]]],


        [[[ -60.,   30.,   43.],
          [ -18.,   13.,    1.],
          [   0.,    0.,   -7.]],

         [[  25.,  -59.,  -23.],
          [ -30.,   34.,   51.],
          [  15.,   30.,   -7.]],

         [[ -17.,   -3.,  -12.],
          [  43.,  -19.,   13.],
          [ -60.,  -38.,  -55.]],

         ...,

         [[ -26.,   31.,  -19.],
          [ -48.,  -16.,  -25.],
          [  -3.,   18.,   13.]],

         [[ -24.,   22.,  -17.],
          [  44.,   13.,   10.],
          [  32.,    6.,  -43.]],

         [[   2.,  -34.,    6.],
          [   7.,   27.,  -35.],
          [ -62.,  -34.,    6.]]],


        [[[  29.,   63.,   67.],
          [ -26.,  -13.,   44.],
          [ -18.,   11.,  -26.]],

         [[  58.,   52.,   19.],
          [ -31.,    6.,   -7.],
          [  20.,   56.,   64.]],

         [[ -45.,   20.,  -32.],
          [  17.,    7.,  -11.],
          [  22.,  -50.,  -59.]],

         ...,

         [[ -10.,  -23.,   -9.],
          [  19.,  -56.,  -38.],
          [ -70.,    2.,  -16.]],

         [[  15.,   50.,  -56.],
          [ -12.,  -13.,  -13.],
          [  -6.,  -45.,  -32.]],

         [[ -14.,   45.,   -6.],
          [  19.,  -65.,  -14.],
          [ -46.,  -56.,  -16.]]],


        ...,


        [[[  44.,   12.,  -38.],
          [  37.,   60.,   59.],
          [  28.,   -6.,   27.]],

         [[ -65.,   51.,    3.],
          [  36.,   13.,  -53.],
          [  50.,  -28.,   21.]],

         [[  11.,   66.,  -54.],
          [ -50.,  -62.,  -11.],
          [ -31., -102.,  -45.]],

         ...,

         [[ -79.,  -72.,  -77.],
          [  32.,  -27.,  -52.],
          [  34.,    7.,   32.]],

         [[ -52.,  -45., -100.],
          [   7.,  -29.,  -61.],
          [   1.,   -1.,  -94.]],

         [[ -45.,   35.,   35.],
          [ -46.,  -34.,  -29.],
          [  45.,   31.,  -15.]]],


        [[[  48.,  -60.,   34.],
          [  45.,   57.,   27.],
          [  10.,  -49.,   12.]],

         [[ -53.,    0.,   22.],
          [  31.,   86.,   14.],
          [  58.,   45.,  -41.]],

         [[  32.,   -3.,   47.],
          [ -21.,   26.,   34.],
          [ -47.,  -60.,   43.]],

         ...,

         [[ -56.,  -11.,  -28.],
          [ -12.,  -17.,  -22.],
          [  24.,  -52.,   19.]],

         [[  69.,   30.,  -26.],
          [ -49.,  -22.,  -50.],
          [ -44.,  -15.,   45.]],

         [[  34.,  -37.,  -44.],
          [ -50.,  -25.,   21.],
          [ -39.,   10.,  -18.]]],


        [[[  41.,   20.,   -5.],
          [  -9.,   53.,  -27.],
          [  63.,   54.,  -31.]],

         [[  11.,   -2.,   33.],
          [   7.,  -51.,  -76.],
          [   5.,  -53.,  -80.]],

         [[ -12.,    6.,   -9.],
          [  19.,  -24.,   -8.],
          [  52.,   58.,   48.]],

         ...,

         [[   2.,   38.,  -50.],
          [  34.,  -51.,  -19.],
          [  35.,  -33.,  -45.]],

         [[  52.,  -30.,  -27.],
          [ -37.,   16.,  -21.],
          [  34.,  -33.,  -64.]],

         [[  55.,   74.,   44.],
          [ -53.,   15.,  -39.],
          [ -49.,   32.,   10.]]]]) conv2.weight torch.Size([40, 40, 3, 3])
tensor([ 12413.,   2642.,   8098.,   5718.,  -4400.,  -5374., -12764.,  -6275.,
         10008.,   7235.,   2074.,   1277.,    195.,  -6233.,   2869.,  15751.,
         13016.,   4139., -29666., -22832.,  11402.,   1427.,  17304.,   1638.,
        -16278.,  -1493.,    787.,  -5087.,   7880.,   1001.,   1198.,   -226.,
          2116.,    178.,  -1625.,  -8667.,   6099.,  19405.,  -1767.,  13956.]) conv2.bias torch.Size([40])
tensor([1.1725, 1.2290, 1.1739, 1.1190, 1.1345, 1.1556, 1.1459, 1.1740, 1.1202,
        1.1249, 1.2233, 1.1787, 1.1913, 1.3021, 1.1490, 1.1995, 1.2002, 1.2005,
        1.2598, 1.1969, 1.1269, 1.2216, 1.1395, 1.1173, 1.1790, 1.1522, 1.1485,
        1.1363, 1.1721, 1.1004, 1.1016, 1.1730, 1.2035, 1.1656, 1.1389, 1.1539,
        1.1308, 1.1580, 1.1565, 1.2363]) bn2.weight torch.Size([40])
tensor([ 0.0021,  0.0209, -0.0117, -0.0063,  0.0158,  0.0314, -0.0025,  0.0320,
         0.0488,  0.0385,  0.0199, -0.0128,  0.0010,  0.0369,  0.0024, -0.0190,
        -0.0030,  0.0202,  0.0265,  0.0194,  0.0629,  0.0456, -0.0012, -0.0061,
         0.0250, -0.0078,  0.0211,  0.0258, -0.0217,  0.0392, -0.0072, -0.0010,
         0.0105,  0.0187,  0.0097,  0.0202,  0.0110, -0.0129, -0.0063, -0.0059]) bn2.bias torch.Size([40])
tensor([-3.5680e-01, -9.2491e-02, -2.3646e-01, -1.3961e-01,  1.0979e-01,
         1.9674e-01,  4.1129e-01,  1.4939e-01, -4.1405e-01, -3.2260e-01,
        -8.9582e-02, -8.4732e-02,  4.3360e-02,  2.5135e-01, -1.1279e-01,
        -4.8439e-01, -4.2573e-01, -2.0517e-01,  7.3254e-01,  6.5923e-01,
        -4.3246e-01,  5.9857e-03, -5.7551e-01, -6.3456e-02,  5.9766e-01,
         4.0667e-02,  6.7214e-05,  2.4503e-01, -2.9876e-01, -1.2721e-02,
        -7.9778e-02, -2.5719e-02, -6.3285e-02,  3.8367e-02,  6.4064e-02,
         3.3339e-01, -1.8021e-01, -4.8047e-01,  4.3072e-02, -4.0834e-01]) bn2.running_mean torch.Size([40])
tensor([0.1459, 0.3350, 0.1869, 0.1586, 0.1730, 0.2164, 0.1781, 0.1696, 0.2752,
        0.4221, 0.2588, 0.1703, 0.2265, 0.2536, 0.2199, 0.1756, 0.1656, 0.3511,
        0.1399, 0.1790, 0.3264, 0.2868, 0.2232, 0.3246, 0.2086, 0.2302, 0.3358,
        0.2589, 0.1739, 0.2143, 0.2803, 0.2223, 0.2248, 0.1875, 0.2239, 0.2079,
        0.2177, 0.1142, 0.1945, 0.1908]) bn2.running_var torch.Size([40])
tensor(14070) bn2.num_batches_tracked torch.Size([])
tensor([[-21.,  -2., -10.,  ...,  13.,  -4.,  -2.],
        [ -3.,  27.,  77.,  ..., -50., -38., -10.],
        [  5., -13., -12.,  ...,  38.,   0.,  17.],
        ...,
        [  7.,  -7., -10.,  ..., -90., -64., -24.],
        [ 20.,  19., -21.,  ...,  52.,  63.,  20.],
        [  0.,  39., -14.,  ..., -33.,  -6., -18.]]) fc.weight torch.Size([10, 1000])
tensor([ 337.,  737.,  324., -562.,  304.,  162.,   67.,  293., -775.,  108.]) fc.bias torch.Size([10])
tensor(0.0044) qconv1.M torch.Size([])
tensor(0.0127) qconv1.qi.scale torch.Size([])
tensor(33.) qconv1.qi.zero_point torch.Size([])
tensor(-0.4242) qconv1.qi.min torch.Size([])
tensor(2.8215) qconv1.qi.max torch.Size([])
tensor(0.0332) qconv1.qo.scale torch.Size([])
tensor([0.]) qconv1.qo.zero_point torch.Size([1])
tensor(0.) qconv1.qo.min torch.Size([])
tensor(8.4785) qconv1.qo.max torch.Size([])
tensor([[[[  54.,  -58.,  -12.],
          [  44., -142.,   54.],
          [ -19.,   43.,   19.]]],


        [[[ -28.,   40.,  -25.],
          [  61.,  -61.,  -50.],
          [  39.,   44.,  -26.]]],


        [[[  56.,    7.,  -34.],
          [ -54.,  -33.,  -41.],
          [ -28.,   15.,   51.]]],


        [[[  32.,  -42.,   39.],
          [  13.,   47.,   26.],
          [ -60.,  -56.,  -38.]]],


        [[[  41.,   -6.,   26.],
          [ -19.,   55.,  -27.],
          [  40.,   -5.,  -40.]]],


        [[[  43.,  -42.,   21.],
          [ -19.,  -12.,  -66.],
          [ -31.,   37.,  -13.]]],


        [[[  46.,   34.,   -4.],
          [ -37.,   27.,    7.],
          [ -38.,   23.,   22.]]],


        [[[  66.,  -45.,  -13.],
          [  -4.,   18.,  -53.],
          [ -59.,   44.,  -24.]]],


        [[[  32.,    2.,   29.],
          [   9.,   28.,   35.],
          [ -72.,   28.,  -44.]]],


        [[[ -57.,   -8.,  -23.],
          [  39.,  -26.,  -52.],
          [  47.,    3.,   31.]]],


        [[[  12.,  -78.,   52.],
          [  20.,  -55.,  -27.],
          [  40.,   25.,  -55.]]],


        [[[ -45.,   65.,  -37.],
          [  48.,   51., -102.],
          [ -88.,  113.,  -10.]]],


        [[[  19.,    4.,    7.],
          [  19.,   23.,  -17.],
          [   3.,   19.,   19.]]],


        [[[  40.,  -47.,  -48.],
          [ -51.,   -6.,   64.],
          [ -47.,   44.,  -27.]]],


        [[[ -51.,  -12.,   19.],
          [  30.,  -26.,    5.],
          [  35.,   32.,   29.]]],


        [[[  44.,   44.,   12.],
          [ -37.,  -40.,  -39.],
          [  -7.,  -32.,    9.]]],


        [[[  12.,   -5.,   13.],
          [  12.,   22.,   23.],
          [ -13.,   31.,   -5.]]],


        [[[   1.,  -36.,  -21.],
          [ -22.,  -15.,   32.],
          [ -17.,  -26.,   19.]]],


        [[[  25.,   37.,  -35.],
          [  19.,  -17.,  -20.],
          [ -36.,  -24.,  -17.]]],


        [[[  11.,    6.,    7.],
          [  25.,   24.,   17.],
          [   0.,  -17.,   21.]]],


        [[[  -9.,   -3.,  -33.],
          [  -7.,  -25.,   41.],
          [ -33.,  -29.,    6.]]],


        [[[ -36.,   11.,  -21.],
          [ -34.,   -7.,   38.],
          [ -37.,   19.,   36.]]],


        [[[  73.,  -55.,    2.],
          [ -40.,   71.,  -35.],
          [  47.,   16.,   -5.]]],


        [[[   2.,    6.,   15.],
          [   6.,   10.,  -26.],
          [  23.,   29.,   27.]]],


        [[[  33.,  -46.,  -28.],
          [  47.,  -55.,   47.],
          [ -39.,  -46.,   19.]]],


        [[[ -45.,  -20.,   41.],
          [  43.,   53.,   -7.],
          [ -51.,   55.,  -16.]]],


        [[[ -47.,    8.,  -59.],
          [  60.,   64.,  -62.],
          [ -72.,   -8.,   25.]]],


        [[[  -1.,  -22.,   13.],
          [ -48.,  -44.,  -45.],
          [  47.,   45.,  -20.]]],


        [[[   3.,   27.,    5.],
          [ -39.,   24.,   30.],
          [ -11.,  -13.,   45.]]],


        [[[  67.,  -51.,   82.],
          [  16.,  -55.,   38.],
          [ -76.,   52.,  -66.]]],


        [[[  28.,   32.,    5.],
          [  50.,  -12.,  -30.],
          [ -49.,   -9.,  -32.]]],


        [[[   4.,   -5.,   28.],
          [  90.,   29.,  -33.],
          [ -48.,  -86.,   80.]]],


        [[[  -2.,   40.,   -7.],
          [ -69.,   27.,   57.],
          [   5.,  -66.,  -53.]]],


        [[[  -1.,  -27.,  -26.],
          [  -8.,  -14.,   11.],
          [ -13.,   -6.,  -17.]]],


        [[[ -67.,   72.,   35.],
          [  54.,  -18.,  -13.],
          [ -78.,  -45.,   28.]]],


        [[[-106.,  -23.,   67.],
          [  53.,   63.,  -18.],
          [  22.,  -20.,  -54.]]],


        [[[   3.,  -22.,  -46.],
          [   7.,  -41.,  -14.],
          [  31.,   41.,   61.]]],


        [[[ -27.,    2.,   -5.],
          [ -21.,  -22.,   14.],
          [   7.,  -21.,  -29.]]],


        [[[ -38.,   41.,   -6.],
          [ -10.,  -19.,  -27.],
          [ -39.,  -24.,   30.]]],


        [[[   8.,  -11.,  -14.],
          [  22.,   26.,   32.],
          [  12.,   16.,   -5.]]]]) qconv1.conv_module.weight torch.Size([40, 1, 3, 3])
tensor([-261., -270.,  248.,  -68., -508.,  368., -620.,  214., -408.,  137.,
         288., -257., -618.,  238., -604.,  178., -576.,  344.,  170., -730.,
         420.,  -49., -562., -563.,  185., -437.,  412.,  274., -466.,  -77.,
         -81., -525.,  215.,  453.,   69.,  -27., -471.,  634.,  444., -582.]) qconv1.conv_module.bias torch.Size([40])
tensor([0.9958, 1.0042, 1.0576, 1.0295, 0.9795, 1.0088, 0.9575, 1.0061, 0.9521,
        1.0102, 1.0401, 0.9684, 0.9560, 1.0240, 0.9769, 1.0163, 0.9529, 1.0390,
        1.0456, 0.9465, 1.0128, 1.0147, 0.9553, 0.9463, 1.0410, 0.9472, 1.0205,
        1.0363, 0.9540, 0.9832, 1.0242, 0.9586, 1.0453, 0.9986, 1.0242, 1.0011,
        1.0509, 1.0119, 1.0202, 0.9541]) qconv1.bn_module.weight torch.Size([40])
tensor([-0.0469, -0.0408, -0.0081, -0.0383, -0.0292, -0.0052, -0.0342, -0.0193,
        -0.0274, -0.0118, -0.0050, -0.0400, -0.0225, -0.0200, -0.0449, -0.0075,
        -0.0197, -0.0097, -0.0229, -0.0399, -0.0028, -0.0279, -0.0303, -0.0163,
        -0.0198, -0.0245, -0.0043, -0.0122, -0.0188, -0.0062, -0.0232, -0.0350,
        -0.0170, -0.0045, -0.0122, -0.0174, -0.0549,  0.0196,  0.0005, -0.0229]) qconv1.bn_module.bias torch.Size([40])
tensor([-0.1972, -0.3269,  0.1865, -0.0636,  0.1606, -0.0076, -0.2755, -0.1826,
         0.1070, -0.0823, -0.3358,  0.1161,  0.0900, -0.1307,  0.1635,  0.0534,
        -0.0680,  0.2548,  0.1424,  0.1175, -0.1106, -0.2935,  0.2773, -0.0258,
        -0.2396,  0.2331,  0.0967,  0.0554, -0.0398, -0.1023,  0.0511,  0.2705,
         0.0329, -0.2016,  0.3225,  0.0033,  0.2695,  0.0283,  0.2567,  0.2443]) qconv1.bn_module.running_mean torch.Size([40])
tensor([0.0663, 0.0486, 0.1576, 0.2999, 0.2738, 0.1713, 0.3758, 0.1446, 0.1582,
        0.2243, 0.0955, 0.0694, 1.2167, 0.1959, 0.4385, 0.2685, 0.6748, 0.6061,
        0.2993, 1.1836, 0.5489, 0.2947, 0.1389, 0.7625, 0.2939, 0.2253, 0.1193,
        0.2941, 0.2662, 0.1252, 0.2396, 0.0866, 0.1034, 0.3928, 0.1573, 0.0796,
        0.2221, 0.5503, 0.4516, 0.6528]) qconv1.bn_module.running_var torch.Size([40])
tensor(14070) qconv1.bn_module.num_batches_tracked torch.Size([])
tensor(0.0114) qconv1.qw.scale torch.Size([])
tensor(142.) qconv1.qw.zero_point torch.Size([])
tensor(-1.6119) qconv1.qw.min torch.Size([])
tensor(1.2887) qconv1.qw.max torch.Size([])
tensor([]) qconv1.qb.scale torch.Size([0])
tensor([]) qconv1.qb.zero_point torch.Size([0])
tensor([]) qconv1.qb.min torch.Size([0])
tensor([]) qconv1.qb.max torch.Size([0])
tensor([]) qmaxpool2d_1.qo.scale torch.Size([0])
tensor([]) qmaxpool2d_1.qo.zero_point torch.Size([0])
tensor([]) qmaxpool2d_1.qo.min torch.Size([0])
tensor([]) qmaxpool2d_1.qo.max torch.Size([0])
tensor(0.0332) qmaxpool2d_1.qi.scale torch.Size([])
tensor([0.]) qmaxpool2d_1.qi.zero_point torch.Size([1])
tensor(0.) qmaxpool2d_1.qi.min torch.Size([])
tensor(8.4785) qmaxpool2d_1.qi.max torch.Size([])
tensor(0.0017) qconv2.M torch.Size([])
tensor(0.0498) qconv2.qo.scale torch.Size([])
tensor(0.) qconv2.qo.zero_point torch.Size([])
tensor(0.) qconv2.qo.min torch.Size([])
tensor(12.7003) qconv2.qo.max torch.Size([])
tensor([[[[  -5.,   46.,   23.],
          [ -34.,   48.,  -87.],
          [   1.,   16.,   51.]],

         [[  31.,    2.,   73.],
          [  21.,  -43.,   30.],
          [ -21.,  -41.,   60.]],

         [[ -56.,  -41.,  -66.],
          [  18.,    6.,   28.],
          [  13.,   21.,  -34.]],

         ...,

         [[ -50.,   41.,   18.],
          [  28.,  -51.,    7.],
          [ -35.,  -67.,  -59.]],

         [[  34.,    5.,  -66.],
          [  30.,   68.,   37.],
          [  34.,  -17.,   31.]],

         [[  34.,   -2.,  -27.],
          [ -17.,   59.,   14.],
          [  54.,  -18.,  -20.]]],


        [[[ -60.,   30.,   43.],
          [ -18.,   13.,    1.],
          [   0.,    0.,   -7.]],

         [[  25.,  -59.,  -23.],
          [ -30.,   34.,   51.],
          [  15.,   30.,   -7.]],

         [[ -17.,   -3.,  -12.],
          [  43.,  -19.,   13.],
          [ -60.,  -38.,  -55.]],

         ...,

         [[ -26.,   31.,  -19.],
          [ -48.,  -16.,  -25.],
          [  -3.,   18.,   13.]],

         [[ -24.,   22.,  -17.],
          [  44.,   13.,   10.],
          [  32.,    6.,  -43.]],

         [[   2.,  -34.,    6.],
          [   7.,   27.,  -35.],
          [ -62.,  -34.,    6.]]],


        [[[  29.,   63.,   67.],
          [ -26.,  -13.,   44.],
          [ -18.,   11.,  -26.]],

         [[  58.,   52.,   19.],
          [ -31.,    6.,   -7.],
          [  20.,   56.,   64.]],

         [[ -45.,   20.,  -32.],
          [  17.,    7.,  -11.],
          [  22.,  -50.,  -59.]],

         ...,

         [[ -10.,  -23.,   -9.],
          [  19.,  -56.,  -38.],
          [ -70.,    2.,  -16.]],

         [[  15.,   50.,  -56.],
          [ -12.,  -13.,  -13.],
          [  -6.,  -45.,  -32.]],

         [[ -14.,   45.,   -6.],
          [  19.,  -65.,  -14.],
          [ -46.,  -56.,  -16.]]],


        ...,


        [[[  44.,   12.,  -38.],
          [  37.,   60.,   59.],
          [  28.,   -6.,   27.]],

         [[ -65.,   51.,    3.],
          [  36.,   13.,  -53.],
          [  50.,  -28.,   21.]],

         [[  11.,   66.,  -54.],
          [ -50.,  -62.,  -11.],
          [ -31., -102.,  -45.]],

         ...,

         [[ -79.,  -72.,  -77.],
          [  32.,  -27.,  -52.],
          [  34.,    7.,   32.]],

         [[ -52.,  -45., -100.],
          [   7.,  -29.,  -61.],
          [   1.,   -1.,  -94.]],

         [[ -45.,   35.,   35.],
          [ -46.,  -34.,  -29.],
          [  45.,   31.,  -15.]]],


        [[[  48.,  -60.,   34.],
          [  45.,   57.,   27.],
          [  10.,  -49.,   12.]],

         [[ -53.,    0.,   22.],
          [  31.,   86.,   14.],
          [  58.,   45.,  -41.]],

         [[  32.,   -3.,   47.],
          [ -21.,   26.,   34.],
          [ -47.,  -60.,   43.]],

         ...,

         [[ -56.,  -11.,  -28.],
          [ -12.,  -17.,  -22.],
          [  24.,  -52.,   19.]],

         [[  69.,   30.,  -26.],
          [ -49.,  -22.,  -50.],
          [ -44.,  -15.,   45.]],

         [[  34.,  -37.,  -44.],
          [ -50.,  -25.,   21.],
          [ -39.,   10.,  -18.]]],


        [[[  41.,   20.,   -5.],
          [  -9.,   53.,  -27.],
          [  63.,   54.,  -31.]],

         [[  11.,   -2.,   33.],
          [   7.,  -51.,  -76.],
          [   5.,  -53.,  -80.]],

         [[ -12.,    6.,   -9.],
          [  19.,  -24.,   -8.],
          [  52.,   58.,   48.]],

         ...,

         [[   2.,   38.,  -50.],
          [  34.,  -51.,  -19.],
          [  35.,  -33.,  -45.]],

         [[  52.,  -30.,  -27.],
          [ -37.,   16.,  -21.],
          [  34.,  -33.,  -64.]],

         [[  55.,   74.,   44.],
          [ -53.,   15.,  -39.],
          [ -49.,   32.,   10.]]]]) qconv2.conv_module.weight torch.Size([40, 40, 3, 3])
tensor([ 12413.,   2642.,   8098.,   5718.,  -4400.,  -5374., -12764.,  -6275.,
         10008.,   7235.,   2074.,   1277.,    195.,  -6233.,   2869.,  15751.,
         13016.,   4139., -29666., -22832.,  11402.,   1427.,  17304.,   1638.,
        -16278.,  -1493.,    787.,  -5087.,   7880.,   1001.,   1198.,   -226.,
          2116.,    178.,  -1625.,  -8667.,   6099.,  19405.,  -1767.,  13956.]) qconv2.conv_module.bias torch.Size([40])
tensor([1.1725, 1.2290, 1.1739, 1.1190, 1.1345, 1.1556, 1.1459, 1.1740, 1.1202,
        1.1249, 1.2233, 1.1787, 1.1913, 1.3021, 1.1490, 1.1995, 1.2002, 1.2005,
        1.2598, 1.1969, 1.1269, 1.2216, 1.1395, 1.1173, 1.1790, 1.1522, 1.1485,
        1.1363, 1.1721, 1.1004, 1.1016, 1.1730, 1.2035, 1.1656, 1.1389, 1.1539,
        1.1308, 1.1580, 1.1565, 1.2363]) qconv2.bn_module.weight torch.Size([40])
tensor([ 0.0021,  0.0209, -0.0117, -0.0063,  0.0158,  0.0314, -0.0025,  0.0320,
         0.0488,  0.0385,  0.0199, -0.0128,  0.0010,  0.0369,  0.0024, -0.0190,
        -0.0030,  0.0202,  0.0265,  0.0194,  0.0629,  0.0456, -0.0012, -0.0061,
         0.0250, -0.0078,  0.0211,  0.0258, -0.0217,  0.0392, -0.0072, -0.0010,
         0.0105,  0.0187,  0.0097,  0.0202,  0.0110, -0.0129, -0.0063, -0.0059]) qconv2.bn_module.bias torch.Size([40])
tensor([-3.5680e-01, -9.2491e-02, -2.3646e-01, -1.3961e-01,  1.0979e-01,
         1.9674e-01,  4.1129e-01,  1.4939e-01, -4.1405e-01, -3.2260e-01,
        -8.9582e-02, -8.4732e-02,  4.3360e-02,  2.5135e-01, -1.1279e-01,
        -4.8439e-01, -4.2573e-01, -2.0517e-01,  7.3254e-01,  6.5923e-01,
        -4.3246e-01,  5.9857e-03, -5.7551e-01, -6.3456e-02,  5.9766e-01,
         4.0667e-02,  6.7214e-05,  2.4503e-01, -2.9876e-01, -1.2721e-02,
        -7.9778e-02, -2.5719e-02, -6.3285e-02,  3.8367e-02,  6.4064e-02,
         3.3339e-01, -1.8021e-01, -4.8047e-01,  4.3072e-02, -4.0834e-01]) qconv2.bn_module.running_mean torch.Size([40])
tensor([0.1459, 0.3350, 0.1869, 0.1586, 0.1730, 0.2164, 0.1781, 0.1696, 0.2752,
        0.4221, 0.2588, 0.1703, 0.2265, 0.2536, 0.2199, 0.1756, 0.1656, 0.3511,
        0.1399, 0.1790, 0.3264, 0.2868, 0.2232, 0.3246, 0.2086, 0.2302, 0.3358,
        0.2589, 0.1739, 0.2143, 0.2803, 0.2223, 0.2248, 0.1875, 0.2239, 0.2079,
        0.2177, 0.1142, 0.1945, 0.1908]) qconv2.bn_module.running_var torch.Size([40])
tensor(14070) qconv2.bn_module.num_batches_tracked torch.Size([])
tensor(0.0026) qconv2.qw.scale torch.Size([])
tensor(114.) qconv2.qw.zero_point torch.Size([])
tensor(-0.2928) qconv2.qw.min torch.Size([])
tensor(0.3598) qconv2.qw.max torch.Size([])
tensor([]) qconv2.qb.scale torch.Size([0])
tensor([]) qconv2.qb.zero_point torch.Size([0])
tensor([]) qconv2.qb.min torch.Size([0])
tensor([]) qconv2.qb.max torch.Size([0])
tensor(0.0332) qconv2.qi.scale torch.Size([])
tensor([0.]) qconv2.qi.zero_point torch.Size([1])
tensor(0.) qconv2.qi.min torch.Size([])
tensor(8.4785) qconv2.qi.max torch.Size([])
tensor([]) qmaxpool2d_2.qo.scale torch.Size([0])
tensor([]) qmaxpool2d_2.qo.zero_point torch.Size([0])
tensor([]) qmaxpool2d_2.qo.min torch.Size([0])
tensor([]) qmaxpool2d_2.qo.max torch.Size([0])
tensor(0.0498) qmaxpool2d_2.qi.scale torch.Size([])
tensor(0.) qmaxpool2d_2.qi.zero_point torch.Size([])
tensor(0.) qmaxpool2d_2.qi.min torch.Size([])
tensor(12.7003) qmaxpool2d_2.qi.max torch.Size([])
tensor(0.0004) qfc.M torch.Size([])
tensor(0.1879) qfc.qo.scale torch.Size([])
tensor(110.) qfc.qo.zero_point torch.Size([])
tensor(-20.5906) qfc.qo.min torch.Size([])
tensor(27.3162) qfc.qo.max torch.Size([])
tensor([[-21.,  -2., -10.,  ...,  13.,  -4.,  -2.],
        [ -3.,  27.,  77.,  ..., -50., -38., -10.],
        [  5., -13., -12.,  ...,  38.,   0.,  17.],
        ...,
        [  7.,  -7., -10.,  ..., -90., -64., -24.],
        [ 20.,  19., -21.,  ...,  52.,  63.,  20.],
        [  0.,  39., -14.,  ..., -33.,  -6., -18.]]) qfc.fc_module.weight torch.Size([10, 1000])
tensor([ 337.,  737.,  324., -562.,  304.,  162.,   67.,  293., -775.,  108.]) qfc.fc_module.bias torch.Size([10])
tensor(0.0016) qfc.qw.scale torch.Size([])
tensor(124.) qfc.qw.zero_point torch.Size([])
tensor(-0.1948) qfc.qw.min torch.Size([])
tensor(0.2059) qfc.qw.max torch.Size([])
tensor(0.0498) qfc.qi.scale torch.Size([])
tensor(0.) qfc.qi.zero_point torch.Size([])
tensor(0.) qfc.qi.min torch.Size([])
tensor(12.7003) qfc.qi.max torch.Size([])